1000 5
22 32 66 61 95
87 100 100 100 100
36 23 23 23 23
90 77 77 77 77
11 1 1 1 1
70 83 83 83 83
82 100 100 100 100
34 47 47 47 47
82 95 95 95 95
35 45 45 45 45
40 27 27 27 27
34 47 47 47 47
85 100 100 100 100
92 100 100 100 100
25 10 10 10 10
58 68 68 68 68
31 18 18 18 18
51 66 66 66 66
20 40 40 40 40
92 100 100 100 100
18 31 31 31 31
35 22 22 22 22
63 50 50 50 50
76 89 89 89 89
46 59 59 59 59
76 100 100 100 100
87 100 100 100 100
2 1 1 1 1
5 1 1 1 1
54 44 44 44 44
69 45 45 45 45
16 3 3 3 3
9 1 1 1 1
22 35 35 35 35
40 41 41 41 41
73 58 58 58 58
36 21 21 21 21
33 48 48 48 48
12 1 1 1 1
35 15 15 15 15
32 22 22 22 22
23 33 33 33 33
53 29 29 29 29
42 46 46 46 46
33 37 37 37 37
65 55 21 26 1
74 84 84 84 84
39 26 26 26 26
65 89 89 89 89
75 62 62 62 62
55 37 37 37 37
10 1 1 1 1
63 50 50 50 50
64 72 72 72 72
95 85 85 85 85
88 98 98 98 98
16 1 1 1 1
89 76 76 76 76
34 21 21 21 21
25 34 34 34 34
21 34 34 34 34
9 1 1 1 1
20 7 7 7 7
83 65 65 65 65
19 11 11 11 11
28 38 38 38 38
92 100 100 100 100
98 88 88 88 88
6 1 1 1 1
31 46 46 46 46
10 1 1 1 1
70 57 57 57 57
58 100 100 100 100
93 89 89 89 89
22 7 7 7 7
44 54 54 54 54
68 83 83 83 83
45 60 60 60 60
23 36 36 36 36
61 60 60 60 60
4 1 1 1 1
34 24 24 24 24
81 77 77 77 77
98 100 100 100 100
57 55 55 55 55
46 57 57 57 57
55 68 68 68 68
6 21 21 21 21
66 79 79 79 79
96 100 100 100 100
78 65 65 65 65
87 77 77 77 77
60 64 64 64 64
74 61 61 61 61
96 83 83 83 83
77 87 87 87 87
2 1 1 1 1
27 17 17 17 17
13 12 12 12 12
53 63 97 92 100
24 37 37 37 37
98 100 100 100 100
93 69 69 69 69
11 24 24 24 24
64 74 74 74 74
65 57 57 57 57
60 70 70 70 70
93 100 100 100 100
60 56 56 56 56
67 87 87 87 87
49 29 29 29 29
26 41 41 41 41
46 56 56 56 56
43 30 30 30 30
44 31 31 31 31
4 1 1 1 1
31 41 41 41 41
15 7 7 7 7
52 44 44 44 44
27 36 36 36 36
93 83 83 83 83
41 56 56 56 56
57 70 70 70 70
31 21 21 21 21
53 63 63 63 63
41 26 26 26 26
63 67 67 67 67
57 44 44 44 44
17 27 27 27 27
61 74 74 74 74
34 32 32 32 32
78 69 69 69 69
50 49 49 49 49
28 24 24 24 24
60 70 70 70 70
47 34 34 34 34
75 65 31 36 2
76 100 100 100 100
62 75 75 75 75
56 66 66 66 66
65 55 21 26 18
16 5 5 5 5
47 60 60 60 60
49 62 62 62 62
45 56 56 56 56
2 1 1 1 1
35 25 1 1 1
28 56 56 56 56
69 54 54 54 54
82 69 69 69 69
41 49 49 49 49
61 50 50 50 50
79 89 100 100 100
21 13 13 13 13
61 46 46 46 46
85 95 100 100 100
45 32 32 32 32
87 95 95 95 95
43 56 56 56 56
99 100 100 100 100
75 88 88 88 88
90 100 100 100 100
39 54 54 54 54
30 43 43 43 43
93 100 100 100 100
24 11 11 11 11
23 8 8 8 8
13 26 26 26 26
94 97 97 97 97
45 32 32 32 32
76 89 89 89 89
21 13 13 13 13
85 65 65 65 65
59 74 74 74 74
61 51 51 51 51
99 89 89 89 89
36 23 23 23 23
92 100 100 100 100
30 17 17 17 17
83 96 96 96 96
72 57 57 57 57
79 69 69 69 69
30 43 43 43 43
6 1 1 1 1
55 42 42 42 42
47 60 60 60 60
26 34 34 34 34
93 100 100 100 100
98 100 100 100 100
39 47 47 47 47
40 53 53 53 53
60 47 47 47 47
71 84 84 84 84
16 1 1 1 1
96 83 83 83 83
48 44 44 44 44
75 71 71 71 71
75 88 88 88 88
18 36 36 36 36
33 29 29 29 29
13 1 1 1 1
76 89 89 89 89
30 40 40 40 40
21 34 34 34 34
74 84 84 84 84
80 70 36 41 33
19 6 6 6 6
91 100 100 100 100
71 63 63 63 63
80 67 67 67 67
21 34 34 34 34
36 21 21 21 21
55 68 68 68 68
19 6 6 6 6
76 86 86 86 86
42 52 76 76 76
2 15 15 15 15
48 41 41 41 41
74 64 59 59 59
16 26 60 55 89
91 100 100 100 100
73 83 83 83 83
4 24 24 24 24
83 96 96 96 96
78 60 60 60 60
69 61 61 61 61
90 82 82 82 82
88 96 96 96 96
74 61 61 61 61
19 20 20 20 20
58 43 43 43 43
76 63 63 63 63
37 24 24 24 24
22 23 23 23 23
73 63 63 63 63
10 1 1 1 1
3 16 16 16 16
15 25 59 54 79
66 74 74 74 74
25 12 12 12 12
51 55 55 55 55
13 1 1 1 1
17 30 30 30 30
67 68 68 68 68
50 68 68 68 68
32 42 42 42 42
17 2 2 2 2
31 11 11 11 11
50 40 35 35 35
66 79 79 79 79
11 26 26 26 26
96 83 83 83 83
52 39 39 39 39
13 26 26 26 26
73 93 93 93 93
60 64 64 64 64
26 16 5 5 5
52 39 39 39 39
19 32 32 32 32
58 68 92 92 92
13 12 12 12 12
14 15 15 15 15
42 43 43 43 43
96 100 100 100 100
20 10 10 10 10
53 63 97 92 100
68 83 83 83 83
22 2 2 2 2
92 79 79 79 79
80 89 89 89 89
29 42 42 42 42
53 43 9 14 1
95 75 75 75 75
94 100 100 100 100
45 44 44 44 44
41 51 51 51 51
9 19 19 19 19
32 12 12 12 12
47 34 34 34 34
51 64 64 64 64
13 23 23 23 23
31 21 21 21 21
24 37 37 37 37
95 100 100 100 100
61 81 81 81 81
72 59 59 59 59
66 42 42 42 42
63 76 76 76 76
58 48 48 48 48
58 73 73 73 73
37 27 27 27 27
15 25 25 25 25
33 46 46 46 46
95 100 100 100 100
18 5 5 5 5
99 100 100 100 100
4 1 1 1 1
55 79 79 79 79
59 61 61 61 61
12 23 23 23 23
78 80 80 80 80
12 22 22 22 22
52 39 39 39 39
7 1 1 1 1
3 16 16 16 16
36 21 21 21 21
45 53 53 53 53
73 63 63 63 63
97 100 100 100 100
51 36 36 36 36
38 42 42 42 42
33 23 23 23 23
90 100 100 100 100
22 12 12 12 12
85 98 98 98 98
25 38 38 38 38
47 44 44 44 44
73 93 93 93 93
51 59 59 59 59
89 100 100 100 100
66 76 76 76 76
61 74 74 74 74
12 25 25 25 25
62 49 49 49 49
25 37 37 37 37
87 83 83 83 83
86 96 96 96 96
4 14 25 25 25
45 35 30 30 30
67 77 77 77 77
78 54 54 54 54
13 26 26 26 26
16 29 29 29 29
62 49 49 49 49
64 56 56 56 56
72 96 96 96 96
63 53 19 24 16
5 1 1 1 1
46 50 50 50 50
59 55 55 55 55
29 42 42 42 42
67 82 82 82 82
12 1 1 1 1
89 69 69 69 69
94 97 97 97 97
67 43 43 43 43
83 76 76 76 76
44 34 34 34 34
21 13 13 13 13
28 38 38 38 38
17 25 25 25 25
77 85 85 85 85
94 81 81 81 81
51 64 64 64 64
90 100 100 100 100
59 67 67 67 67
65 55 55 55 55
28 36 36 36 36
95 85 85 85 85
52 56 56 56 56
13 26 26 26 26
74 64 64 64 64
6 1 1 1 1
79 78 78 78 78
42 46 46 46 46
62 75 75 75 75
75 62 62 62 62
47 37 37 37 37
8 19 19 19 19
52 65 65 65 65
86 85 85 85 85
83 73 49 49 49
41 28 28 28 28
46 33 33 33 33
79 66 66 66 66
16 6 6 6 6
91 95 95 95 95
11 22 22 22 22
88 96 96 96 96
98 100 100 100 100
79 99 99 99 99
29 28 28 28 28
31 36 36 36 36
51 41 41 41 41
3 1 1 1 1
3 13 47 42 50
41 51 51 51 51
10 4 4 4 4
77 35 35 35 35
72 57 57 57 57
8 4 4 4 4
61 48 48 48 48
66 79 79 79 79
78 100 100 100 100
70 57 57 57 57
44 52 52 52 52
44 31 31 31 31
32 17 17 17 17
47 60 60 60 60
48 39 39 39 39
24 20 20 20 20
73 77 77 77 77
95 82 82 82 82
9 33 33 33 33
13 31 31 31 31
99 100 100 100 100
26 27 27 27 27
24 4 4 4 4
59 46 46 46 46
48 49 49 49 49
22 9 9 9 9
14 27 27 27 27
33 46 46 46 46
84 74 74 74 74
81 82 82 82 82
55 47 47 47 47
68 61 61 61 61
74 61 61 61 61
84 92 92 92 92
40 41 41 41 41
69 59 59 59 59
26 39 39 39 39
9 1 1 1 1
69 74 74 74 74
75 88 88 88 88
69 45 45 45 45
18 31 31 31 31
95 100 100 100 100
58 66 66 66 66
73 86 86 86 86
23 34 34 34 34
44 68 68 68 68
45 58 58 58 58
21 13 13 13 13
12 1 1 1 1
86 96 96 96 96
14 24 24 24 24
26 17 17 17 17
29 42 42 42 42
79 92 92 92 92
33 20 20 20 20
92 100 100 100 100
25 36 36 36 36
68 76 76 76 76
12 20 20 20 20
22 32 32 32 32
67 77 77 77 77
14 3 3 3 3
17 30 30 30 30
38 36 36 36 36
84 87 87 87 87
88 78 67 67 67
66 62 62 62 62
79 69 69 69 69
62 66 66 66 66
31 41 41 41 41
64 74 74 74 74
14 16 16 16 16
46 56 56 56 56
1 1 1 1 1
5 1 1 1 1
36 51 51 51 51
68 55 55 55 55
17 27 27 27 27
59 39 39 39 39
58 48 48 48 48
66 65 65 65 65
45 41 41 41 41
58 73 73 73 73
40 60 60 60 60
44 2 2 2 2
93 73 73 73 73
90 98 98 98 98
3 13 13 13 13
83 93 93 93 93
21 15 15 15 15
63 55 55 55 55
18 7 7 7 7
45 35 35 35 35
34 33 33 33 33
95 82 82 82 82
53 33 33 33 33
59 51 51 51 51
10 1 1 1 1
75 51 51 51 51
1 1 1 1 1
16 29 29 29 29
20 10 10 10 10
6 1 1 1 1
34 26 26 26 26
35 24 24 24 24
13 26 26 26 26
24 11 11 11 11
21 31 55 55 55
88 73 73 73 73
1 1 1 1 1
64 51 51 51 51
2 1 1 1 1
64 51 51 51 51
98 97 97 97 97
48 56 56 56 56
35 25 25 25 25
80 100 100 100 100
60 84 84 84 84
95 82 82 82 82
91 100 100 100 100
34 44 78 73 86
52 65 65 65 65
46 26 26 26 26
33 57 57 57 57
16 3 3 3 3
78 87 87 87 87
24 37 37 37 37
26 11 11 11 11
11 22 22 22 22
46 38 38 38 38
56 66 66 66 66
50 46 46 46 46
38 46 46 46 46
86 90 90 90 90
55 45 45 45 45
99 100 100 100 100
80 67 67 67 67
34 47 47 47 47
99 100 100 100 100
49 62 62 62 62
81 80 80 80 80
47 39 39 39 39
14 16 16 16 16
52 62 62 62 62
97 100 100 100 100
82 72 72 72 72
97 100 100 100 100
29 11 11 11 11
24 11 11 11 11
62 54 54 54 54
65 23 23 23 23
54 69 69 69 69
69 59 59 59 59
85 61 61 61 61
73 60 60 60 60
73 60 60 60 60
67 54 54 54 54
51 64 64 64 64
86 78 78 78 78
81 68 68 68 68
55 61 61 61 61
21 31 31 31 31
82 72 72 72 72
29 16 16 16 16
40 53 53 53 53
71 81 81 81 81
85 98 98 98 98
95 100 100 100 100
29 19 1 1 1
51 38 38 38 38
3 1 1 1 1
18 9 9 9 9
90 77 77 77 77
88 84 84 84 84
44 31 31 31 31
57 46 46 46 46
12 1 1 1 1
39 29 1 1 1
38 25 25 25 25
50 40 40 40 40
52 43 43 43 43
26 17 17 17 17
27 37 48 48 48
3 1 1 1 1
56 46 46 46 46
100 100 100 100 100
9 18 18 18 18
68 79 79 79 79
67 80 80 80 80
46 59 59 59 59
72 82 87 87 87
27 47 47 47 47
27 17 17 17 17
38 53 53 53 53
43 30 30 30 30
63 64 64 64 64
90 100 100 100 100
26 39 39 39 39
52 56 56 56 56
61 70 70 70 70
78 68 34 39 31
29 5 5 5 5
23 16 16 16 16
82 88 88 88 88
44 40 40 40 40
7 1 1 1 1
70 57 57 57 57
16 6 1 1 1
30 26 26 26 26
71 77 77 77 77
56 69 69 69 69
12 22 22 22 22
53 66 66 66 66
32 38 38 38 38
66 86 86 86 86
98 100 100 100 100
20 7 7 7 7
90 100 100 100 100
97 77 77 77 77
25 38 38 38 38
34 21 21 21 21
72 59 59 59 59
59 49 49 49 49
87 74 74 74 74
44 34 1 5 1
89 76 76 76 76
17 4 4 4 4
54 53 53 53 53
37 27 27 27 27
92 100 100 100 100
94 70 70 70 70
14 4 4 4 4
40 50 78 78 78
58 34 34 34 34
95 87 87 87 87
72 59 59 59 59
85 79 79 79 79
3 2 2 2 2
65 74 74 74 74
45 58 58 58 58
29 16 16 16 16
26 32 32 32 32
50 63 63 63 63
13 13 13 13 13
2 20 20 20 20
77 67 67 67 67
44 2 2 2 2
52 44 44 44 44
95 100 100 100 100
65 52 52 52 52
33 18 18 18 18
72 68 68 68 68
74 64 64 64 64
20 10 10 10 10
5 20 20 20 20
1 11 11 11 11
73 83 83 83 83
46 40 40 40 40
27 17 17 17 17
92 96 96 96 96
44 31 31 31 31
87 74 74 74 74
69 61 61 61 61
93 89 89 89 89
78 68 68 68 68
5 23 23 23 23
39 49 82 78 82
77 76 76 76 76
43 58 58 58 58
63 53 20 24 20
44 40 40 40 40
76 52 52 52 52
100 100 100 100 100
34 44 44 44 44
37 34 34 34 34
100 100 100 100 100
87 80 80 80 80
7 27 27 27 27
75 51 51 51 51
60 56 56 56 56
7 25 25 25 25
55 68 68 68 68
61 74 74 74 74
18 7 7 7 7
38 34 34 34 34
99 100 100 100 100
24 23 23 23 23
61 53 53 53 53
98 100 100 100 100
66 79 79 79 79
82 90 90 90 90
84 69 69 69 69
27 14 14 14 14
49 59 59 59 59
48 54 54 54 54
49 36 36 36 36
40 48 48 48 48
22 31 31 31 31
28 38 38 38 38
96 100 100 100 100
30 43 43 43 43
84 56 56 56 56
75 69 69 69 69
25 29 29 29 29
87 95 95 95 95
77 86 86 86 86
47 57 68 68 68
69 82 82 82 82
84 71 71 71 71
16 20 20 20 20
90 80 80 80 80
34 46 46 46 46
60 50 22 22 22
68 69 69 69 69
14 27 27 27 27
22 1 1 1 1
94 99 99 99 99
67 59 59 59 59
7 27 27 27 27
8 19 19 19 19
19 32 32 32 32
24 9 9 9 9
5 29 29 29 29
51 61 79 79 79
18 24 24 24 24
1 11 11 11 11
87 83 83 83 83
89 86 86 86 86
86 86 86 86 86
45 55 89 84 92
80 90 90 90 90
12 2 2 2 2
4 17 17 17 17
52 65 65 65 65
46 59 59 59 59
25 24 24 24 24
14 27 27 27 27
86 87 87 87 87
34 44 44 44 44
1 16 16 16 16
49 39 39 39 39
20 40 40 40 40
38 48 81 77 81
34 21 21 21 21
72 59 59 59 59
30 38 38 38 38
35 25 25 25 25
60 50 50 50 50
31 41 41 41 41
66 51 51 51 51
99 95 95 95 95
33 53 53 53 53
89 90 90 90 90
72 84 84 84 84
4 17 17 17 17
63 53 42 42 42
66 79 79 79 79
80 72 72 72 72
59 63 63 63 63
62 66 66 66 66
33 23 23 23 23
27 38 38 38 38
33 41 41 41 41
96 100 100 100 100
79 70 70 70 70
98 97 97 97 97
90 75 75 75 75
59 44 44 44 44
26 46 46 46 46
77 81 81 81 81
61 71 71 71 71
58 45 45 45 45
55 40 40 40 40
13 26 26 26 26
81 100 100 100 100
73 60 60 60 60
85 91 91 91 91
23 3 3 3 3
84 64 64 64 64
92 100 100 100 100
84 97 97 97 97
55 65 65 65 65
91 81 70 70 70
8 21 21 21 21
74 72 72 72 72
54 30 30 30 30
39 31 31 31 31
46 36 2 7 1
69 61 61 61 61
40 32 32 32 32
86 100 100 100 100
74 84 84 84 84
76 86 86 86 86
35 59 59 59 59
43 49 49 49 49
29 22 22 22 22
82 69 69 69 69
74 87 87 87 87
58 48 14 19 11
91 80 80 80 80
46 61 61 61 61
47 51 51 51 51
81 61 61 61 61
58 71 71 71 71
61 58 58 58 58
41 65 65 65 65
69 84 84 84 84
45 35 35 35 35
86 89 89 89 89
70 69 69 69 69
77 97 97 97 97
95 80 80 80 80
5 1 1 1 1
10 1 1 1 1
95 93 93 93 93
25 49 49 49 49
25 38 38 38 38
91 100 100 100 100
82 75 75 75 75
35 48 48 48 48
77 69 69 69 69
51 59 59 59 59
74 87 87 87 87
44 33 33 33 33
95 100 100 100 100
57 52 52 52 52
76 96 96 96 96
17 7 7 7 7
89 100 100 100 100
12 1 1 1 1
54 46 46 46 46
38 30 30 30 30
18 17 17 17 17
78 65 65 65 65
56 43 43 43 43
61 71 71 71 71
71 81 81 81 81
99 95 95 95 95
97 100 100 100 100
96 100 100 100 100
47 60 60 60 60
15 30 30 30 30
75 65 31 36 28
27 40 40 40 40
98 89 89 89 89
88 75 75 75 75
71 78 78 78 78
93 100 100 100 100
7 17 17 17 17
57 67 67 67 67
94 100 100 100 100
23 36 36 36 36
90 96 96 96 96
36 44 44 44 44
15 7 7 7 7
8 1 1 1 1
18 28 28 28 28
93 100 100 100 100
90 100 100 100 100
7 11 11 11 11
96 83 83 83 83
65 80 80 80 80
62 70 70 70 70
98 100 100 100 100
35 45 45 45 45
68 53 53 53 53
72 59 59 59 59
49 59 59 59 59
46 39 39 39 39
35 39 39 39 39
82 91 91 91 91
22 26 26 26 26
21 11 1 1 1
23 10 10 10 10
89 95 95 95 95
67 54 54 54 54
47 42 42 42 42
64 77 77 77 77
27 32 32 32 32
35 27 27 27 27
41 28 28 28 28
75 100 100 100 100
14 2 2 2 2
44 45 45 45 45
18 1 1 1 1
32 39 39 39 39
43 47 47 47 47
54 41 41 41 41
62 63 63 63 63
64 73 73 73 73
20 7 7 7 7
35 48 48 48 48
48 58 92 87 95
64 73 73 73 73
82 90 90 90 90
89 86 86 86 86
3 16 16 16 16
64 100 100 100 100
60 50 50 50 50
84 74 74 74 74
88 89 89 89 89
46 54 54 54 54
86 73 73 73 73
65 83 83 83 83
82 72 72 72 72
33 23 23 23 23
15 28 28 28 28
72 76 76 76 76
25 34 34 34 34
98 100 100 100 100
60 47 47 47 47
59 49 49 49 49
60 36 36 36 36
50 40 40 40 40
34 47 47 47 47
56 98 98 98 98
31 46 46 46 46
25 35 35 35 35
52 63 63 63 63
19 22 22 22 22
54 44 44 44 44
37 24 24 24 24
54 64 64 64 64
85 72 72 72 72
40 27 27 27 27
93 82 82 82 82
3 23 23 23 23
43 67 67 67 67
84 92 92 92 92
67 54 54 54 54
72 64 64 64 64
49 36 36 36 36
91 100 100 100 100
75 65 65 65 65
59 63 63 63 63
55 65 65 65 65
16 29 29 29 29
41 51 51 51 51
65 80 80 80 80
19 27 27 27 27
15 2 2 2 2
98 98 98 98 98
77 73 73 73 73
53 40 40 40 40
47 34 34 34 34
8 1 1 1 1
63 73 100 100 100
30 40 40 40 40
76 63 63 63 63
21 11 1 1 1
45 36 36 36 36
22 21 21 21 21
74 84 89 89 89
100 87 87 87 87
29 1 1 1 1
26 17 17 17 17
80 81 81 81 81
53 38 38 38 38
24 25 25 25 25
74 78 78 78 78
85 77 77 77 77
56 60 60 60 60
41 51 51 51 51
40 50 50 50 50
27 14 14 14 14
86 99 99 99 99
96 100 100 100 100
71 84 84 84 84
31 13 13 13 13
91 71 71 71 71
36 49 49 49 49
1 1 1 1 1
22 12 1 1 1
89 88 88 88 88
6 1 1 1 1
62 51 51 51 51
3 16 16 16 16
51 41 41 41 41
91 78 78 78 78
91 100 100 100 100
18 27 27 27 27
75 86 86 86 86
46 33 33 33 33
99 75 75 75 75
86 100 100 100 100
54 55 55 55 55
32 33 33 33 33
77 75 75 75 75
64 68 68 68 68
26 39 39 39 39
98 90 90 90 90
16 29 29 29 29
67 62 62 62 62
63 71 71 71 71
14 1 1 1 1
70 60 60 60 60
54 64 64 64 64
59 87 87 87 87
46 39 39 39 39
73 60 60 60 60
45 53 53 53 53
44 53 53 53 53
39 26 26 26 26
61 72 72 72 72
64 51 51 51 51
78 68 68 68 68
91 78 78 78 78
40 39 39 39 39
46 38 38 38 38
41 54 54 54 54
60 84 84 84 84
73 75 75 75 75
39 49 49 49 49
24 4 4 4 4