68
53510 6108 100000
14822 90662 100000
55057 59463 100000
92642 47961 100000
22448 36045 100000
2386 32325 100000
92679 79332 100000
16804 13212 100000
39 56 100000
86699 30310 100000
19777 84713 100000
63818 34335 100000
36300 68901 100000
40416 95338 100000
41949 93476 100000
15936 9492 100000
16506 11812 100000
27 59 100000
95072 71564 100000
23961 80269 100000
28946 17521 100000
96853 26347 100000
55912 21626 100000
54834 30009 100000
60319 36451 100000
37516 41533 100000
20 48 100000
81701 1335 100000
96673 44872 100000
38348 38469 100000
64314 54975 100000
66787 54285 100000
85044 80820 100000
68736 54414 100000
51035 96468 100000
89 97 100000
19045 96334 100000
34312 27194 100000
57204 74957 100000
27760 89146 100000
47032 17523 100000
30324 81628 100000
82963 55604 100000
477 28377 100000
47 89 100000
50964 38825 100000
9462 31161 100000
11981 34103 100000
4869 10858 100000
7327 80718 100000
73415 72256 100000
84942 21316 100000
48511 8812 100000
21 54 100000
24753 5715 100000
39590 27881 100000
9510 88137 100000
43741 86266 100000
14644 8825 100000
21166 60570 100000
15748 81491 100000
12652 88482 100000
85 10 100000
36069 40985 100000
21703 43806 100000
32415 59748 100000
81064 95119 100000
20283 17357 100000